1
2
3
4
5
6
8
10
12
14
24
26
27
32
33
34
35
42
187
251
260
293
553
701
715
852
1103
1241
1267
1273
1290
1547
1680
1764
1836
1853
1916
2110
2134
2152
2153
2381
2484
2497
2516
2603
2611
2635
2854
2857
2905
2906
3169
3213
3216
3223
3252
3255
3257
3267
3292
3327
3549
3561
3671
3741
3856
4004
4181
4558
4589
5691
7575
9122
10343
10466
11537
14211
21616
25535
34732
35711
37628
41387
42405
43647
44222
44912
45664
46392
46750
47065
50382
52434
52947
56964
57434
60408
61633
61974
131748
132754
133715
262493
262531
263978
264500
327926
